STARLINK-2125           
1 47725U 21017D   24123.87000761 -.00008619  00000+0 -56062-3 0  9994
2 47725  53.0553 355.4889 0001291  88.7685 271.3452 15.06389478175373
STARLINK-2131           
1 47728U 21017G   24123.89582117 -.00000302  00000+0 -13524-5 0  9998
2 47728  53.0536 355.3717 0001355  77.4488 282.6652 15.06405170175389
STARLINK-2147           
1 47736U 21017Q   24123.89950612 -.00000641  00000+0 -24160-4 0  9999
2 47736  53.0538 355.3560 0001356  87.1734 272.9410 15.06400697175382
STARLINK-2156           
1 47742U 21017W   24123.83684875 -.00000631  00000+0 -23493-4 0  9992
2 47742  53.0547 355.6379 0001580  87.4574 272.6596 15.06401968175377
STARLINK-2157           
1 47743U 21017X   24123.86265253  .00000770  00000+0  70546-4 0  9994
2 47743  53.0540 355.5222 0001196 102.5581 257.5542 15.06404226175370
STARLINK-2161           
1 47747U 21017AB  24123.85896373  .00000251  00000+0  35762-4 0  9995
2 47747  53.0551 355.5364 0000984  53.5701 306.5378 15.06395557175374
STARLINK-2162           
1 47748U 21017AC  24123.85158842 -.00002048  00000+0 -11866-3 0  9994
2 47748  53.0554 355.5711 0001350  82.4338 277.6805 15.06400102175375
STARLINK-2163           
1 47749U 21017AD  24123.86632978 -.00002567  00000+0 -15349-3 0  9999
2 47749  53.0550 355.5054 0001403 107.4100 252.7042 15.06399359175374
STARLINK-2164           
1 47750U 21017AE  24123.84422087 -.00001018  00000+0 -49450-4 0  9998
2 47750  53.0536 355.6051 0001293  85.8264 274.2872 15.06405495175374
STARLINK-2260           
1 47996U 21024V   24123.64153604  .00003279  00000+0  23889-3 0  9998
2 47996  53.0528 356.8197 0001580  93.8407 266.2762 15.06409368174559
STARLINK-2706           
1 48481U 21040BF  24123.38351105  .00000239  00000+0  34969-4 0  9998
2 48481  53.0538 357.9526 0002376  88.4212 271.7049 15.06412538164401
STARLINK-2525           
1 48482U 21040BG  24123.88108437 -.00001272  00000+0 -66501-4 0  9999
2 48482  53.0521 355.4362 0001123  65.4750 294.6355 15.06398650164936
STARLINK-2531           
1 48483U 21040BH  24123.87738661  .00002913  00000+0  21442-3 0  9992
2 48483  53.0541 355.4554 0001254  82.5340 277.5791 15.06396694165764
STARLINK-2696           
1 48484U 21040BJ  24123.88848602  .00002450  00000+0  18336-3 0  9995
2 48484  53.0578 355.7666 0001381  95.5794 264.5352 15.06387822165762
STARLINK-2500           
1 48485U 21040BK  24123.88476383  .00001127  00000+0  94563-4 0  9996
2 48485  53.0558 355.4228 0001388 123.5556 236.5566 15.06395428165764
STARLINK-2494           
1 48487U 21040BM  24123.82578666  .00000046  00000+0  21978-4 0  9998
2 48487  53.0543 355.6891 0001216  68.6424 291.4695 15.06401966165769
STARLINK-3263           
1 50196U 21125AS  24123.91667824  .00224390  29645-4  70798-3 0  9991
2 50196  53.2114 355.9490 0005004 190.6075  88.9148 15.90915602134757
STARLINK-3851           
1 52344U 22045P   24123.33732523 -.00000495  00000+0 -12986-4 0  9990
2 52344  53.2183 355.4540 0001267 103.2067 256.9066 15.08841987113676
STARLINK-3826           
1 52347U 22045S   24123.07699837 -.00000508  00000+0 -13817-4 0  9993
2 52347  53.2181 356.5596 0001255  75.9206 284.1926 15.08837039113634
STARLINK-3877           
1 52355U 22045AA  24123.37779754  .00000605  00000+0  56065-4 0  9990
2 52355  53.2189 355.2039 0001401  91.3666 268.7487 15.08848354113681
STARLINK-3837           
1 52358U 22045AD  24123.02084947 -.00002578  00000+0 -14393-3 0  9998
2 52358  53.2201 356.8103 0001640 102.9222 257.1953 15.08843931113631
STARLINK-4047           
1 53243U 22086B   24123.82810443 -.00000375  00000+0 -55050-5 0  9993
2 53243  53.2155 357.8705 0001345  82.4614 277.6531 15.08833167 98711
STARLINK-4125           
1 53244U 22086C   24123.85390518 -.00000006  00000+0  17710-4 0  9993
2 53244  53.2185 358.1411 0001038  91.1919 268.9193 15.08838615 98717
STARLINK-4131           
1 53246U 22086E   24123.85021955  .00002636  00000+0  18359-3 0  9990
2 53246  53.2165 358.0812 0001862  98.5725 261.5478 15.08847514 98715
STARLINK-4135           
1 53248U 22086G   24122.93253273  .00000705  00000+0  62398-4 0  9998
2 53248  53.2188 357.3080 0001162  95.0011 265.1113 15.08836011 98642
STARLINK-5159           
1 53974U 22125L   24123.87592298 -.00001029  00000+0 -46568-4 0  9998
2 53974  53.2174 357.5697 0001586  89.2407 270.8767 15.08837635 87653
STARLINK-5134           
1 53976U 22125N   24123.85759846  .00002455  00000+0  17232-3 0  9999
2 53976  53.2182 358.1704 0001419  91.0791 269.0364 15.08828469 87649
STARLINK-5149           
1 53981U 22125T   24123.82443940 -.00001649  00000+0 -85527-4 0  9996
2 53981  53.2198 357.9726 0001271  89.0130 271.1008 15.08837016 87640
STARLINK-5103           
1 53983U 22125V   24123.83180016 -.00001045  00000+0 -47542-4 0  9996
2 53983  53.2180 357.9979 0001826  78.8412 281.2786 15.08834620 87641
STARLINK-5130           
1 53997U 22125AK  24123.86864576 -.00001264  00000+0 -61363-4 0  9994
2 53997  53.2150 358.2268 0001140  79.0666 281.0454 15.08836578 87645
STARLINK-5088           
1 54000U 22125AN  24123.86496133 -.00000021  00000+0  16776-4 0  9997
2 54000  53.2184 358.2058 0001628  94.8576 265.2602 15.08841658 87645
STARLINK-5109           
1 54002U 22125AQ  24123.62202519 -.00001027  00000+0 -46452-4 0  9998
2 54002  53.2185 358.8419 0001360  88.7595 271.3553 15.08840740 87544
STARLINK-5145           
1 54008U 22125AW  24123.87961367  .00000040  00000+0  20609-4 0  9992
2 54008  53.2173 357.5885 0001354  89.2696 270.8451 15.08841027 87631
STARLINK-5127           
1 54010U 22125AY  24123.80600489  .00000607  00000+0  56243-4 0  9995
2 54010  53.2156 357.8566 0001404  80.2203 279.8948 15.08836702 87628
STARLINK-5124           
1 54011U 22125AZ  24123.86127285  .00000506  00000+0  49878-4 0  9994
2 54011  53.2184 358.1836 0001404  97.1955 262.9197 15.08836844 87621
STARLINK-5126           
1 54012U 22125BA  24123.83548216 -.00001368  00000+0 -67890-4 0  9996
2 54012  53.2171 358.0212 0001072  99.0938 261.0176 15.08837108 87629
STARLINK-5098           
1 54013U 22125BB  24123.84285590  .00000199  00000+0  30591-4 0  9998
2 54013  53.2158 358.0682 0001367  82.1547 277.9600 15.08835993 87620
STARLINK-5055           
1 54015U 22125BD  24123.83917145  .00000614  00000+0  56652-4 0  9995
2 54015  53.2178 358.0438 0000949  79.7511 280.3588 15.08838257 87620
